----------------------------------
M01_V1001_00WM_CAL
----------------------------------

M01 model using M06 network, model performance is yet to be evaluated

Main differences from WM model used in ECOLAB (M01_V0920_00WM) are:
  M01 domain extended to the East to match M06
  M01 grid shifted 100 meters west and 100 meters south
  Uses M06 network
  5 layers instead of 3
  M11 timestepping and major parameters are from M06

The main differences in the M11 files are filenames and groundwater links:
   .xns11 - no change
   .bnd11 - no change
	.hd11 - filename change
	.sim11 - filename change
	.nwk11 - edited groundwater links
		removed all beginning with _ except mainpark road
		removed CTT and CLR
		removed L28
		removed POCKET
		removed links outside domain for CMP
		removed CMP_059_US because it didn't work for some reason
		changed US/DS chainage for:
			MainParkRoad
			L29
			L31W
			L67EXT
			L67A
			L67C
			ROAD_SRS

The new groundwater links can be cut-pasted into the M06 nwk11 file to make a working M01 nwk11 file:

   [MIKESHECOUPLING]
      MikeSheCoupling = '_MainParkRoad', 0, 39624, 0, 1e-006, 1, -99999, 1, 1, 1.838, 1.5, 0.1, 1, 1, 0, 0
      MikeSheCoupling = 'AeroJet', 1337.998848, 9120, 0, 1e-006, 1, -99999, 1, 1, 1.838, 1.5, 0.1, 1, 1, 0, 0
      MikeSheCoupling = 'AeroJet-EXT', 1348.1304, 2071.7256, 0, 1e-006, 1, -99999, 1, 1, 1.838, 1.5, 0.1, 1, 1, 0, 0
      MikeSheCoupling = 'Angels_Well', 0, 800, 0, 1e-006, 1, 16, 0, 1, 1.838, 1.5, 0.100000000152, 1, 1, 0, 0
      MikeSheCoupling = 'C-102', 0, 10210.8, 0, 1e-006, 1, -99999, 1, 1, 1.838, 1.5, 0.100000000152, 1, 1, 0, 0
      MikeSheCoupling = 'C-103', 0, 15224.76, 0, 1e-006, 1, -99999, 1, 1, 1.838, 1.5, 0.100000000152, 1, 1, 0, 0
      MikeSheCoupling = 'C-103N', 0, 2507.5896, 0, 1e-006, 1, -99999, 1, 1, 1.838, 1.5, 0.100000000152, 0.9999999984476158, 1, 0, 0
      MikeSheCoupling = 'C-110', 0, 10708, 0, 1e-006, 1, -99999, 1, 1, 1.838, 1.5, 0.100000000152, 1, 1, 0, 0
      MikeSheCoupling = 'C-111', 0, 9006.839999999998, 0, 1e-006, 1, 64, 1, 1, 1.838, 1.5, 0.100000000152, 1, 1, 0, 0
      MikeSheCoupling = 'C-111', 9006.839999999998, 18539.7648, 0, 1e-006, 1, 64, 1, 1, 1.838, 1.5, 0.100000000152, 1, 1, 0, 0
      MikeSheCoupling = 'C-111', 18539.7648, 28254.96, 0, 1e-006, 1, 64, 1, 1, 1.838, 1.5, 0.100000000152, 1, 1, 0, 0
      MikeSheCoupling = 'C-111E', -1214.999999256, 2295.144, 0, 1e-006, 1, -99999, 1, 1, 1.838, 1.5, 0.100000000152, 1, 1, 0, 0
      MikeSheCoupling = 'C-111E', 2295.144, 7750.99999, 0, 1e-006, 1, -99999, 1, 1, 1.838, 1.5, 0.100000000152, 1, 1, 0, 0
      MikeSheCoupling = 'C-113', 457.1999999999999, 5977.00001, 0, 1e-006, 1, 24, 1, 1, 1.838, 1.5, 0.100000000152, 1, 1, 0, 0
      MikeSheCoupling = 'C-1W', 0, 9829.799999999999, 0, 1e-006, 1, 25, 1, 1, 1.838, 1.5, 0.100000000152, 1, 1, 0, 0
      MikeSheCoupling = 'C-357', 0, 5303, 0, 1e-006, 1, -99999, 1, 1, 1.838, 1.5, 0.1, 1, 1, 0, 0
      MikeSheCoupling = 'C-4', 457.1999999999999, 6248.4, 0, 1e-006, 1, 26, 1, 1, 1.838, 1.5, 0.100000000152, 1, 1, 0, 0
      MikeSheCoupling = 'CMP_006_DS', 0, 800, 0, 1e-006, 1, -99999, 1, 1, 1.838, 1.5, 0.1, 1, 1, 0, 0
      MikeSheCoupling = 'CMP_006_US', 0, 800, 0, 1e-006, 1, -99999, 1, 1, 1.838, 1.5, 0.1, 1, 1, 0, 0
      MikeSheCoupling = 'CMP_012_DS', 0, 800, 0, 1e-006, 1, -99999, 1, 1, 1.838, 1.5, 0.1, 1, 1, 0, 0
      MikeSheCoupling = 'CMP_012_US', 0, 800, 0, 1e-006, 1, -99999, 1, 1, 1.838, 1.5, 0.1, 1, 1, 0, 0
      MikeSheCoupling = 'CMP_018_DS', 0, 800, 0, 1e-006, 1, -99999, 1, 1, 1.838, 1.5, 0.1, 1, 1, 0, 0
      MikeSheCoupling = 'CMP_018_US', 0, 800, 0, 1e-006, 1, -99999, 1, 1, 1.838, 1.5, 0.1, 1, 1, 0, 0
      MikeSheCoupling = 'CMP_022_DS', 0, 800, 0, 1e-006, 1, -99999, 1, 1, 1.838, 1.5, 0.1, 1, 1, 0, 0
      MikeSheCoupling = 'CMP_022_US', 0, 800, 0, 1e-006, 1, -99999, 1, 1, 1.838, 1.5, 0.1, 1, 1, 0, 0
      MikeSheCoupling = 'CMP_023_DS', 0, 800, 0, 1e-006, 1, -99999, 1, 1, 1.838, 1.5, 0.1, 1, 1, 0, 0
      MikeSheCoupling = 'CMP_023_US', 0, 800, 0, 1e-006, 1, -99999, 1, 1, 1.838, 1.5, 0.1, 1, 1, 0, 0
      MikeSheCoupling = 'CMP_024_DS', 0, 800, 0, 1e-006, 1, -99999, 1, 1, 1.838, 1.5, 0.1, 1, 1, 0, 0
      MikeSheCoupling = 'CMP_024_US', 0, 800, 0, 1e-006, 1, -99999, 1, 1, 1.838, 1.5, 0.1, 1, 1, 0, 0
      MikeSheCoupling = 'CMP_025_DS', 0, 800, 0, 1e-006, 1, -99999, 1, 1, 1.838, 1.5, 0.1, 1, 1, 0, 0
      MikeSheCoupling = 'CMP_025_US', 0, 800, 0, 1e-006, 1, -99999, 1, 1, 1.838, 1.5, 0.1, 1, 1, 0, 0
      MikeSheCoupling = 'CMP_026_DS', 0, 800, 0, 1e-006, 1, -99999, 1, 1, 1.838, 1.5, 0.1, 1, 1, 0, 0
      MikeSheCoupling = 'CMP_026_US', 0, 800, 0, 1e-006, 1, -99999, 1, 1, 1.838, 1.5, 0.1, 1, 1, 0, 0
      MikeSheCoupling = 'CMP_028_DS', 0, 800, 0, 1e-006, 1, -99999, 1, 1, 1.838, 1.5, 0.1, 1, 1, 0, 0
      MikeSheCoupling = 'CMP_028_US', 0, 800, 0, 1e-006, 1, -99999, 1, 1, 1.838, 1.5, 0.1, 1, 1, 0, 0
      MikeSheCoupling = 'CMP_029_DS', 0, 800, 0, 1e-006, 1, -99999, 1, 1, 1.838, 1.5, 0.1, 1, 1, 0, 0
      MikeSheCoupling = 'CMP_029_US', 0, 800, 0, 1e-006, 1, -99999, 1, 1, 1.838, 1.5, 0.1, 1, 1, 0, 0
      MikeSheCoupling = 'CMP_030_DS', 0, 800, 0, 1e-006, 1, -99999, 1, 1, 1.838, 1.5, 0.1, 1, 1, 0, 0
      MikeSheCoupling = 'CMP_030_US', 0, 800, 0, 1e-006, 1, -99999, 1, 1, 1.838, 1.5, 0.1, 1, 1, 0, 0
      MikeSheCoupling = 'CMP_031_DS', 0, 800, 0, 1e-006, 1, -99999, 1, 1, 1.838, 1.5, 0.1, 1, 1, 0, 0
      MikeSheCoupling = 'CMP_031_US', 0, 800, 0, 1e-006, 1, -99999, 1, 1, 1.838, 1.5, 0.1, 1, 1, 0, 0
      MikeSheCoupling = 'CMP_032_DS', 0, 800, 0, 1e-006, 1, -99999, 1, 1, 1.838, 1.5, 0.1, 1, 1, 0, 0
      MikeSheCoupling = 'CMP_032_US', 0, 800, 0, 1e-006, 1, -99999, 1, 1, 1.838, 1.5, 0.1, 1, 1, 0, 0
      MikeSheCoupling = 'CMP_033_DS', 0, 800, 0, 1e-006, 1, -99999, 1, 1, 1.838, 1.5, 0.1, 1, 1, 0, 0
      MikeSheCoupling = 'CMP_033_US', 0, 800, 0, 1e-006, 1, -99999, 1, 1, 1.838, 1.5, 0.1, 1, 1, 0, 0
      MikeSheCoupling = 'CMP_034_DS', 0, 800, 0, 1e-006, 1, -99999, 1, 1, 1.838, 1.5, 0.1, 1, 1, 0, 0
      MikeSheCoupling = 'CMP_034_US', 0, 800, 0, 1e-006, 1, -99999, 1, 1, 1.838, 1.5, 0.1, 1, 1, 0, 0
      MikeSheCoupling = 'CMP_038_DS', 0, 800, 0, 1e-006, 1, -99999, 1, 1, 1.838, 1.5, 0.1, 1, 1, 0, 0
      MikeSheCoupling = 'CMP_038_US', 0, 800, 0, 1e-006, 1, -99999, 1, 1, 1.838, 1.5, 0.1, 1, 1, 0, 0
      MikeSheCoupling = 'CMP_043_DS', 0, 800, 0, 1e-006, 1, -99999, 1, 1, 1.838, 1.5, 0.1, 1, 1, 0, 0
      MikeSheCoupling = 'CMP_043_US', 0, 800, 0, 1e-006, 1, -99999, 1, 1, 1.838, 1.5, 0.1, 1, 1, 0, 0
      MikeSheCoupling = 'CMP_047_DS', 0, 800, 0, 1e-006, 1, -99999, 1, 1, 1.838, 1.5, 0.1, 1, 1, 0, 0
      MikeSheCoupling = 'CMP_047_US', 0, 800, 0, 1e-006, 1, -99999, 1, 1, 1.838, 1.5, 0.1, 1, 1, 0, 0
      MikeSheCoupling = 'CMP_051_DS', 0, 800, 0, 1e-006, 1, -99999, 1, 1, 1.838, 1.5, 0.1, 1, 1, 0, 0
      MikeSheCoupling = 'CMP_051_US', 0, 800, 0, 1e-006, 1, -99999, 1, 1, 1.838, 1.5, 0.1, 1, 1, 0, 0
      MikeSheCoupling = 'CMP_054_DS', 0, 800, 0, 1e-006, 1, -99999, 1, 1, 1.838, 1.5, 0.1, 1, 1, 0, 0
      MikeSheCoupling = 'CMP_054_US', 0, 800, 0, 1e-006, 1, -99999, 1, 1, 1.838, 1.5, 0.1, 1, 1, 0, 0
      MikeSheCoupling = 'CMP_056_DS', 0, 800, 0, 1e-006, 1, -99999, 1, 1, 1.838, 1.5, 0.1, 1, 1, 0, 0
      MikeSheCoupling = 'CMP_056_US', 0, 800, 0, 1e-006, 1, -99999, 1, 1, 1.838, 1.5, 0.1, 1, 1, 0, 0
      MikeSheCoupling = 'CMP_057_DS', 0, 800, 0, 1e-006, 1, -99999, 1, 1, 1.838, 1.5, 0.1, 1, 1, 0, 0
      MikeSheCoupling = 'CMP_057_US', 0, 800, 0, 1e-006, 1, -99999, 1, 1, 1.838, 1.5, 0.1, 1, 1, 0, 0
      MikeSheCoupling = 'CMP_059_DS', 0, 800, 0, 1e-006, 1, -99999, 1, 1, 1.838, 1.5, 0.1, 1, 1, 0, 0
      MikeSheCoupling = 'CMP_061_DS', 0, 800, 0, 1e-006, 1, -99999, 1, 1, 1.838, 1.5, 0.1, 1, 1, 0, 0
      MikeSheCoupling = 'CMP_061_US', 0, 800, 0, 1e-006, 1, -99999, 1, 1, 1.838, 1.5, 0.1, 1, 1, 0, 0
      MikeSheCoupling = 'CMP_065_DS', 0, 800, 0, 1e-006, 1, -99999, 1, 1, 1.838, 1.5, 0.1, 1, 1, 0, 0
      MikeSheCoupling = 'CMP_065_US', 0, 800, 0, 1e-006, 1, -99999, 1, 1, 1.838, 1.5, 0.1, 1, 1, 0, 0
      MikeSheCoupling = 'CMP_068_DS', 0, 800, 0, 1e-006, 1, -99999, 1, 1, 1.838, 1.5, 0.1, 1, 1, 0, 0
      MikeSheCoupling = 'CMP_068_US', 0, 800, 0, 1e-006, 1, -99999, 1, 1, 1.838, 1.5, 0.1, 1, 1, 0, 0
      MikeSheCoupling = 'CMP_075_US', 0, 800, 0, 1e-006, 1, -99999, 1, 1, 1.838, 1.5, 0.1, 1, 1, 0, 0
      MikeSheCoupling = 'CMP_078_DS', 0, 800, 0, 1e-006, 1, -99999, 1, 1, 1.838, 1.5, 0.1, 1, 1, 0, 0
      MikeSheCoupling = 'CMP_078_US', 0, 800, 0, 1e-006, 1, -99999, 1, 1, 1.838, 1.5, 0.1, 1, 1, 0, 0
      MikeSheCoupling = 'CMP_083_DS', 0, 800, 0, 1e-006, 1, -99999, 1, 1, 1.838, 1.5, 0.1, 1, 1, 0, 0
      MikeSheCoupling = 'CMP_083_US', 0, 800, 0, 1e-006, 1, -99999, 1, 1, 1.838, 1.5, 0.1, 1, 1, 0, 0
      MikeSheCoupling = 'CMP_087_DS', 0, 800, 0, 1e-006, 1, -99999, 1, 1, 1.838, 1.5, 0.1, 1, 1, 0, 0
      MikeSheCoupling = 'CMP_087_US', 0, 800, 0, 1e-006, 1, -99999, 1, 1, 1.838, 1.5, 0.1, 1, 1, 0, 0
      MikeSheCoupling = 'culvert_24', 0, 800, 0, 1e-006, 1, -99999, 1, 1, 1.838, 1.5, 0.1, 1, 1, 0, 0
      MikeSheCoupling = 'culvert_25', 0, 800, 0, 1e-006, 1, -99999, 1, 1, 1.838, 1.5, 0.1, 1, 1, 0, 0
      MikeSheCoupling = 'culvert_26', 0, 800, 0, 1e-006, 1, -99999, 1, 1, 1.838, 1.5, 0.1, 1, 1, 0, 0
      MikeSheCoupling = 'culvert_27', 0, 800, 0, 1e-006, 1, -99999, 1, 1, 1.838, 1.5, 0.1, 1, 1, 0, 0
      MikeSheCoupling = 'culvert_28', 0, 800, 0, 1e-006, 1, -99999, 1, 1, 1.838, 1.5, 0.1, 1, 1, 0, 0
      MikeSheCoupling = 'culvert_41', 0, 800, 0, 1e-006, 1, -99999, 1, 1, 1.838, 1.5, 0.1, 1, 1, 0, 0
      MikeSheCoupling = 'culvert_42', 0, 800, 0, 1e-006, 1, -99999, 1, 1, 1.838, 1.5, 0.1, 1, 1, 0, 0
      MikeSheCoupling = 'culvert_43', 0, 800, 0, 1e-006, 1, -99999, 1, 1, 1.838, 1.5, 0.1, 1, 1, 0, 0
      MikeSheCoupling = 'culvert_44', 0, 800, 0, 1e-006, 1, -99999, 1, 1, 1.838, 1.5, 0.1, 1, 1, 0, 0
      MikeSheCoupling = 'culvert_45', 0, 800, 0, 1e-006, 1, -99999, 1, 1, 1.838, 1.5, 0.1, 1, 1, 0, 0
      MikeSheCoupling = 'culvert_46', 0, 800.0000012159999, 0, 1e-006, 1, -99999, 1, 1, 1.838, 1.5, 0.100000000152, 0.9999999984476158, 1, 0, 0
      MikeSheCoupling = 'culvert_47', 0, 800, 0, 1e-006, 1, -99999, 1, 1, 1.838, 1.5, 0.1, 1, 1, 0, 0
      MikeSheCoupling = 'culvert_48', 0, 800, 0, 1e-006, 1, -99999, 1, 1, 1.838, 1.5, 0.1, 1, 1, 0, 0
      MikeSheCoupling = 'culvert_49', 0, 800, 0, 1e-006, 1, -99999, 1, 1, 1.838, 1.5, 0.1, 1, 1, 0, 0
      MikeSheCoupling = 'culvert_50', 0, 800, 0, 1e-006, 1, -99999, 1, 1, 1.838, 1.5, 0.1, 1, 1, 0, 0
      MikeSheCoupling = 'culvert_51', 0, 800, 0, 1e-006, 1, -99999, 1, 1, 1.838, 1.5, 0.1, 1, 1, 0, 0
      MikeSheCoupling = 'culvert_52', 0, 800, 0, 1e-006, 1, -99999, 1, 1, 1.838, 1.5, 0.1, 1, 1, 0, 0
      MikeSheCoupling = 'culvert_53', 0, 800, 0, 1e-006, 1, -99999, 1, 1, 1.838, 1.5, 0.1, 1, 1, 0, 0
      MikeSheCoupling = 'culvert_54', 0, 800, 0, 1e-006, 1, -99999, 1, 1, 1.838, 1.5, 0.1, 1, 1, 0, 0
      MikeSheCoupling = 'culvert_55', 0, 800, 0, 1e-006, 1, -99999, 1, 1, 1.838, 1.5, 0.1, 1, 1, 0, 0
      MikeSheCoupling = 'culvert_56', 0, 800, 0, 1e-006, 1, -99999, 1, 1, 1.838, 1.5, 0.1, 1, 1, 0, 0
      MikeSheCoupling = 'culvert_58', 0, 800, 0, 1e-006, 1, -99999, 1, 1, 1.838, 1.5, 0.1, 1, 1, 0, 0
      MikeSheCoupling = 'culvert_59', 0, 800, 0, 1e-006, 1, -99999, 1, 1, 1.838, 1.5, 0.1, 1, 1, 0, 0
      MikeSheCoupling = 'FP', 457.1999999999999, 7040.88, 0, 1e-006, 1, 112, 0, 1, 1.838, 1.5, 0.1, 1, 1, 0, 0
      MikeSheCoupling = 'FPDA-INLET', 1524, 5791.2, 0, 1e-006, 1, -99999, 1, 1, 1.838, 1.5, 0.1, 1, 1, 0, 0
      MikeSheCoupling = 'G3273', 0, 883.92, 0, 1e-006, 1, -99999, 1, 1, 1.838, 1.5, 0.1, 1, 1, 0, 0
      MikeSheCoupling = 'L-29', 55168.8, 92202, 0, 1e-006, 1, -99999, 1, 1, 1.838, 1.5, 0.1, 1, 1, 0, 0
      MikeSheCoupling = 'L-30', 0, 4467, 0, 1e-006, 1, -99999, 1, 1, 1.838, 1.5, 0.1, 1, 1, 0, 0
      MikeSheCoupling = 'L-31N', 122, 1875, 0, 1e-006, 1, 101, 0, 0, 1.838, 1.5, 0.100000000152, 1, 1, 0, 0
      MikeSheCoupling = 'L-31N', 1875, 3460, 0, 1e-006, 1, -99999, 1, 1, 1.838, 1.5, 0.100000000152, 1, 1, 0, 0
      MikeSheCoupling = 'L-31N', 3460, 5075, 0, 1e-006, 1, -99999, 1, 1, 1.838, 1.5, 0.100000000152, 1, 1, 0, 0
      MikeSheCoupling = 'L-31N', 5075, 6660, 0, 1e-006, 1, -99999, 1, 1, 1.838, 1.5, 0.100000000152, 1, 1, 0, 0
      MikeSheCoupling = 'L-31N', 6660, 8285, 0, 1e-006, 1, -99999, 1, 1, 1.838, 1.5, 0.100000000152, 1, 1, 0, 0
      MikeSheCoupling = 'L-31N', 8285, 11330, 0, 1e-006, 1, -99999, 1, 1, 1.838, 1.5, 0.100000000152, 1, 1, 0, 0
      MikeSheCoupling = 'L-31N', 11330, 17220, 0, 1e-006, 1, -99999, 1, 1, 1.838, 1.5, 0.100000000152, 1, 1, 0, 0
      MikeSheCoupling = 'L-31N', 17220, 33200, 0, 1e-006, 1, -99999, 1, 1, 1.838, 1.5, 0.100000000152, 1, 1, 0, 0
      MikeSheCoupling = 'L-31W', 1219.2, 18004, 0, 1e-006, 1, 62, 1, 0, 1.838, 1.5, 0.100000000152, 1, 1, 0, 0
      MikeSheCoupling = 'L-67_EXT', 152.4, 8400, 0, 1e-006, 1, 13, 1, 0, 1.838, 1.5, 0.100000000152, 1, 1, 0, 0
      MikeSheCoupling = 'L67A', 6705.6, 10722.864, 0, 1e-006, 1, -99999, 0, 1, 1.838, 1.5, 0.1, 1, 1, 0, 0
      MikeSheCoupling = 'L67C', 182.88, 3657.6, 0, 1e-006, 1, -99999, 1, 1, 1.838, 1.5, 0.1, 1, 1, 0, 0
      MikeSheCoupling = 'LAKE1', 0, 1981.2, 0, 1e-006, 1, -99999, 1, 1, 1.838, 1.5, 0.1, 1, 1, 0, 0
      MikeSheCoupling = 'LAKE2', 0, 761.9999999999999, 0, 1e-006, 1, -99999, 1, 1, 1.838, 1.5, 0.1, 1, 1, 0, 0
      MikeSheCoupling = 'LPG2', 0, 900.3791999999999, 0, 1e-006, 1, -99999, 1, 1, 1.838, 1.5, 0.1, 1, 1, 0, 0
      MikeSheCoupling = 'NDA', 0, 8441.7408, 0, 1e-006, 1, -99999, 1, 1, 1.838, 1.5, 0.100000000152, 0.9999999984476158, 1, 0, 0
      MikeSheCoupling = 'OldIngraham', 0, 19002.1464, 0, 1e-006, 1, -99999, 1, 1, 1.838, 1.5, 0.1, 1, 1, 0, 0
      MikeSheCoupling = 'ROAD_SRS', 914.4, 11461, 0, 1e-006, 1, 14, 1, 0, 1.838, 1.5, 0.100000000152, 1, 1, 0, 0
      MikeSheCoupling = 'ROAD_SRS_E', 0, 11236, 0, 1e-006, 1, 15, 1, 0, 1.838, 1.5, 0.100000000152, 1, 1, 0, 0
      MikeSheCoupling = 'S12A', 0, 868.6799999999998, 0, 1e-006, 1, -99999, 1, 1, 1.838, 1.5, 0.1, 1, 1, 0, 0
      MikeSheCoupling = 'S12B', 0, 828.7511999999999, 0, 1e-006, 1, -99999, 1, 1, 1.838, 1.5, 0.1, 1, 1, 0, 0
      MikeSheCoupling = 'S12C', 0, 861.0599999999998, 0, 1e-006, 1, -99999, 1, 1, 1.838, 1.5, 0.1, 1, 1, 0, 0
      MikeSheCoupling = 'S12D', 0, 845.2103999999999, 0, 1e-006, 1, -99999, 1, 1, 1.838, 1.5, 0.1, 1, 1, 0, 0
      MikeSheCoupling = 'S332', 0, 690.9816, 0, 1e-006, 1, 332, 0, 0, 1.838, 1.5, 0.100000000152, 1, 1, 0, 0
      MikeSheCoupling = 'S332BN_overflow', 30.48, 850.3920000000001, 0, 1e-006, 1, 132, 1, 0, 1.838, 1.5, 0.1, 1, 1, 0, 0
      MikeSheCoupling = 'S332D', 0, 1115.2632, 0, 1e-006, 1, 114, 0, 1, 1.838, 1.5, 0.1, 1, 1, 0, 0
      MikeSheCoupling = 'S343A', 0, 972.3119999999999, 0, 1e-006, 1, -99999, 1, 1, 1.838, 1.5, 0.100000000152, 0.9999999984476158, 1, 0, 0
      MikeSheCoupling = 'S343B', 0, 1191.768, 0, 1e-006, 1, -99999, 1, 1, 1.838, 1.5, 0.100000000152, 0.9999999984476158, 1, 0, 0
      MikeSheCoupling = 'SDA', 0, 6772.656, 0, 1e-006, 1, 111, 0, 1, 1.838, 1.5, 0.1, 1, 1, 0, 0
      MikeSheCoupling = 'SDAC', 30.48, 2883, 0, 1e-006, 1, 111, 0, 1, 1.838, 1.5, 0.1, 1, 1, 0, 0
      MikeSheCoupling = 'culvert_57', 0, 800, 0, 1e-006, 1, -99999, 1, 1, 1.838, 1.5, 0.1, 1, 1, 0, 0
      MikeSheCoupling = 'US1N', 0, 16007, 0, 1e-006, 1, -99999, 1, 1, 1.838, 1.5, 0.1, 1, 1, 0, 0
      MikeSheCoupling = 'US1S', 1000, 3104, 0, 1e-006, 1, -99999, 1, 1, 1.838, 1.5, 0.1, 1, 1, 0, 0
   EndSect  // MIKESHECOUPLING

